kinematics:
  shoulder:
    x: 0
    y: 0
    z: 0.1627050996443982
    roll: -0
    pitch: 0
    yaw: -7.379567428661415e-08
  upper_arm:
    x: 0.000142783277978492
    y: 0
    z: 0
    roll: 1.57098948154179
    pitch: 0
    yaw: -1.57105249592018e-06
  forearm:
    x: -0.4250912154513483
    y: 0
    z: 0
    roll: 3.139622640761919
    pitch: 3.141525618329525
    yaw: 3.141590086882778
  wrist_1:
    x: -0.39244595548939
    y: -0.0008373709955295632
    z: 0.1335482118437795
    roll: 0.006270095349429591
    pitch: 0.0002492631330801621
    yaw: -3.686750006784243e-06
  wrist_2:
    x: 5.31262835989101e-05
    y: -0.09956056533727109
    z: 0.000176168044696353
    roll: 1.569026872591411
    pitch: 0
    yaw: 1.762959638997377e-06
  wrist_3:
    x: 1.833659665739437e-05
    y: 0.09952974210440262
    z: 5.661060887580147e-05
    roll: 1.571365107559059
    pitch: 3.141592653589793
    yaw: 3.141592324927621
  hash: calib_5840600799990773770